"Simplicity is the ultimate sophistication.";"Leonardo da Vinci"
"Talk is cheap. Show me the code.";"Linus Torvalds"
"First, solve the problem. Then, write the code.";"John Johnson"
"Any fool can write code that a computer can understand. Good programmers write code that humans can understand.";"Martin Fowler"
"The best way to predict the future is to invent it.";"Alan Kay"
"Programming isn't about what you know; it's about what you can figure out.";"Chris Pine"
"The only way to learn a new programming language is by writing programs in it.";"Dennis Ritchie"
"Code is like humor. When you have to explain it, it's bad.";"Cory House"
"Make it work, make it right, make it fast.";"Kent Beck"
"Perfection is achieved not when there is nothing more to add, but when there is nothing left to take away.";"Antoine de Saint-Exupéry"
